0,0
0.002501251,-0.178108795
0.005002501,-0.352253575
0.007503752,-0.522432752
0.010005003,-0.68864564
0.012506253,-0.85089245
0.015007504,-1.009174281
0.017508754,-1.163493108
0.020010005,-1.313851777
0.022511256,-1.460253995
0.025012506,-1.60270432
0.027513757,-1.741208153
0.030015008,-1.87577173
0.032516258,-2.006402109
0.035017509,-2.133107164
0.037518759,-2.255895576
0.04002001,-2.374776819
0.042521261,-2.489761156
0.045022511,-2.600859625
0.047523762,-2.708084031
0.050025013,-2.811446936
0.052526263,-2.91096165
0.055027514,-3.006642218
0.057528764,-3.098503412
0.060030015,-3.186560723
0.062531266,-3.270830345
0.065032516,-3.35132917
0.067533767,-3.428074775
0.070035018,-3.501085414
0.072536268,-3.570380002
0.075037519,-3.635978112
0.077538769,-3.697899959
0.08004002,-3.756166391
0.082541271,-3.810798879
0.085042521,-3.861819506
0.087543772,-3.909250954
0.090045023,-3.953116499
0.092546273,-3.993439993
0.095047524,-4.030245858
0.097548774,-4.063559073
0.100050025,-4.093405166
0.102551276,-4.119810198
0.105052526,-4.142800758
0.107553777,-4.162403948
0.110055028,-4.178647372
0.112556278,-4.191559129
0.115057529,-4.201167797
0.117558779,-4.207502426
0.12006003,-4.210592524
0.122561281,-4.21046805
0.125062531,-4.207159396
0.127563782,-4.200697387
0.130065033,-4.191113258
0.132566283,-4.178438651
0.135067534,-4.162705603
0.137568784,-4.143946532
0.140070035,-4.122194229
0.142571286,-4.097481846
0.145072536,-4.069842886
0.147573787,-4.039311189
0.150075038,-4.005920927
0.152576288,-3.969706588
0.155077539,-3.930702969
0.157578789,-3.888945161
0.16008004,-3.844468542
0.162581291,-3.797308766
0.165082541,-3.747501752
0.167583792,-3.69508367
0.170085043,-3.640090937
0.172586293,-3.582560202
0.175087544,-3.522528336
0.177588794,-3.460032423
0.180090045,-3.395109748
0.182591296,-3.32779779
0.185092546,-3.258134208
0.187593797,-3.186156832
0.190095048,-3.111903653
0.192596298,-3.035412815
0.195097549,-2.956722603
0.197598799,-2.875871431
0.20010005,-2.792897837
0.202601301,-2.70784047
0.205102551,-2.620738081
0.207603802,-2.531629512
0.210105053,-2.440553689
0.212606303,-2.347549612
0.215107554,-2.252656344
0.217608804,-2.155913002
0.220110055,-2.057358749
0.222611306,-1.957032783
0.225112556,-1.854974329
0.227613807,-1.751222632
0.230115058,-1.645816942
0.232616308,-1.538796512
0.235117559,-1.430200586
0.237618809,-1.320068387
0.24012006,-1.208439117
0.242621311,-1.09535194
0.245122561,-0.980845976
0.247623812,-0.864960297
0.250125063,-0.747733912
0.252626313,-0.629205764
0.255127564,-0.509414717
0.257628814,-0.388399556
0.260130065,-0.266198968
0.262631316,-0.142851546
0.265132566,-0.018395771
0.267633817,0.107129989
0.270135068,0.233687488
0.272636318,0.361238612
0.275137569,0.489745383
0.277638819,0.619169968
0.28014007,0.749474685
0.282641321,0.880622011
0.285142571,1.01257459
0.287643822,1.145295235
0.290145073,1.278746942
0.292646323,1.412892891
0.295147574,1.547696453
0.297648824,1.6831212
0.300150075,1.819130907
0.302651326,1.955689561
0.305152576,2.092761366
0.307653827,2.230310748
0.310155078,2.368302364
0.312656328,2.506701105
0.315157579,2.645472102
0.317658829,2.784580732
0.32016008,2.923992623
0.322661331,3.063673661
0.325162581,3.203589994
0.327663832,3.343708034
0.330165083,3.483994468
0.332666333,3.624416261
0.335167584,3.764940656
0.337668834,3.905535186
0.340170085,4.046167672
0.342671336,4.186806232
0.345172586,4.327419285
0.347673837,4.467975552
0.350175088,4.608444063
0.352676338,4.74879416
0.355177589,4.888995502
0.357678839,5.029018067
0.36018009,5.168832156
0.362681341,5.3084084
0.365182591,5.447717758
0.367683842,5.586731525
0.370185093,5.725421332
0.372686343,5.863759152
0.375187594,6.0017173
0.377688844,6.139268439
0.380190095,6.276385581
0.382691346,6.41304209
0.385192596,6.549211686
0.387693847,6.684868445
0.390195098,6.819986803
0.392696348,6.95454156
0.395197599,7.088507877
0.397698849,7.221861285
0.4002001,7.354577681
0.402701351,7.486633334
0.405202601,7.618004886
0.407703852,7.74866935
0.410205103,7.878604117
0.412706353,8.007786955
0.415207604,8.13619601
0.417708854,8.263809808
0.420210105,8.390607257
0.422711356,8.516567645
0.425212606,8.641670646
0.427713857,8.765896317
0.430215108,8.889225098
0.432716358,9.011637819
0.435217609,9.133115694
0.437718859,9.253640323
0.44022011,9.373193696
0.442721361,9.491758188
0.445222611,9.609316566
0.447723862,9.725851981
0.450225113,9.841347977
0.452726363,9.955788481
0.455227614,10.06915781
0.457728864,10.18144068
0.460230115,10.29262218
0.462731366,10.40268778
0.465232616,10.51162337
0.467733867,10.6194152
0.470235118,10.72604991
0.472736368,10.83151452
0.475237619,10.93579646
0.477738869,11.03888351
0.48024012,11.14076387
0.482741371,11.24142608
0.485242621,11.3408591
0.487743872,11.43905225
0.490245123,11.53599522
0.492746373,11.63167811
0.495247624,11.72609136
0.497748874,11.81922581
0.500250125,11.91107265
0.502751376,12.00162347
0.505252626,12.09087022
0.507753877,12.17880519
0.510255128,12.26542109
0.512756378,12.35071094
0.515257629,12.43466817
0.517758879,12.51728653
0.52026013,12.59856016
0.522761381,12.67848354
0.525262631,12.75705152
0.527763882,12.83425928
0.530265133,12.91010237
0.532766383,12.98457668
0.535267634,13.05767845
0.537768884,13.12940425
0.540270135,13.19975101
0.542771386,13.26871598
0.545272636,13.33629677
0.547773887,13.40249129
0.550275138,13.4672978
0.552776388,13.5307149
0.555277639,13.59274149
0.557778889,13.6533768
0.56028014,13.71262038
0.562781391,13.7704721
0.565282641,13.82693214
0.567783892,13.882001
0.570285143,13.93567947
0.572786393,13.98796865
0.575287644,14.03886995
0.577788894,14.08838506
0.580290145,14.13651599
0.582791396,14.18326501
0.585292646,14.22863472
0.587793897,14.27262795
0.590295148,14.31524787
0.592796398,14.35649788
0.595297649,14.39638168
0.597798899,14.43490325
0.60030015,14.4720668
0.602801401,14.50787684
0.605302651,14.54233813
0.607803902,14.57545569
0.610305153,14.60723478
0.612806403,14.63768093
0.615307654,14.6667999
0.617808904,14.69459771
0.620310155,14.7210806
0.622811406,14.74625506
0.625312656,14.7701278
0.627813907,14.79270578
0.630315158,14.81399616
0.632816408,14.83400633
0.635317659,14.8527439
0.637818909,14.8702167
0.64032016,14.88643275
0.642821411,14.90140029
0.645322661,14.91512776
0.647823912,14.9276238
0.650325163,14.93889725
0.652826413,14.94895711
0.655327664,14.95781261
0.657828914,14.96547313
0.660330165,14.97194824
0.662831416,14.9772477
0.665332666,14.98138142
0.667833917,14.98435948
0.670335168,14.98619214
0.672836418,14.98688981
0.675337669,14.98646305
0.677838919,14.98492257
0.68034017,14.98227925
0.682841421,14.9785441
0.685342671,14.97372826
0.687843922,14.96784303
0.690345173,14.96089982
0.692846423,14.95291019
0.695347674,14.94388582
0.697848924,14.9338385
0.700350175,14.92278014
0.702851426,14.91072278
0.705352676,14.89767856
0.707853927,14.88365972
0.710355178,14.86867861
0.712856428,14.85274768
0.715357679,14.83587948
0.717858929,14.81808664
0.72036018,14.79938188
0.722861431,14.77977801
0.725362681,14.75928791
0.727863932,14.73792457
0.730365183,14.715701
0.732866433,14.69263032
0.735367684,14.6687257
0.737868934,14.64400038
0.740370185,14.61846766
0.742871436,14.59214088
0.745372686,14.56503345
0.747873937,14.53715881
0.750375188,14.50853047
0.752876438,14.47916196
0.755377689,14.44906686
0.757878939,14.41825877
0.76038019,14.38675134
0.762881441,14.35455824
0.765382691,14.32169315
0.767883942,14.2881698
0.770385193,14.25400192
0.772886443,14.21920325
0.775387694,14.18378756
0.777888944,14.14776861
0.780390195,14.11116017
0.782891446,14.07397602
0.785392696,14.03622994
0.787893947,13.99793569
0.790395198,13.95910703
0.792896448,13.91975771
0.795397699,13.87990149
0.797898949,13.83955207
0.8004002,13.79872316
0.802901451,13.75742844
0.805402701,13.71568158
0.807903952,13.67349619
0.810405203,13.63088588
0.812906453,13.58786421
0.815407704,13.54444472
0.817908954,13.50064089
0.820410205,13.45646617
0.822911456,13.41193397
0.825412706,13.36705765
0.827913957,13.32185051
0.830415208,13.27632583
0.832916458,13.23049679
0.835417709,13.18437655
0.837918959,13.1379782
0.84042021,13.09131476
0.842921461,13.0443992
0.845422711,12.99724442
0.847923962,12.94986325
0.850425213,12.90226845
0.852926463,12.85447269
0.855427714,12.80648861
0.857928964,12.75832872
0.860430215,12.71000549
0.862931466,12.66153129
0.865432716,12.61291841
0.867933967,12.56417907
0.870435218,12.51532537
0.872936468,12.46636936
0.875437719,12.41732297
0.877938969,12.36819804
0.88044022,12.31900634
0.882941471,12.26975952
0.885442721,12.22046914
0.887943972,12.17114666
0.890445223,12.12180344
0.892946473,12.07245073
0.895447724,12.02309969
0.897948974,11.97376137
0.900450225,11.9244467
0.902951476,11.87516651
0.905452726,11.82593153
0.907953977,11.77675236
0.910455228,11.72763951
0.912956478,11.67860334
0.915457729,11.62965414
0.917958979,11.58080205
0.92046023,11.53205711
0.922961481,11.48342922
0.925462731,11.43492818
0.927963982,11.38656368
0.930465233,11.33834525
0.932966483,11.29028233
0.935467734,11.24238421
0.937968984,11.19466009
0.940470235,11.14711902
0.942971486,11.09976991
0.945472736,11.05262158
0.947973987,11.00568269
0.950475238,10.95896179
0.952976488,10.91246729
0.955477739,10.86620747
0.957978989,10.82019049
0.96048024,10.77442437
0.962981491,10.728917
0.965482741,10.68367612
0.967983992,10.63870937
0.970485243,10.59402424
0.972986493,10.54962808
0.975487744,10.50552812
0.977988994,10.46173144
0.980490245,10.41824498
0.982991496,10.37507558
0.985492746,10.33222992
0.987993997,10.28971453
0.990495248,10.24753583
0.992996498,10.20570009
0.995497749,10.16421345
0.997998999,10.12308191
1.00050025,10.08231134
1.003001501,10.04190746
1.005502751,10.00187587
1.008004002,9.96222203
1.010505253,9.922951253
1.013006503,9.884068725
1.015507754,9.845579494
1.018009005,9.807488473
1.020510255,9.769800437
1.023011506,9.732520029
1.025512756,9.695651754
1.028014007,9.659199983
1.030515258,9.623168952
1.033016508,9.587562764
1.035517759,9.552385386
1.03801901,9.517640652
1.04052026,9.483332264
1.043021511,9.44946379
1.045522761,9.416038666
1.048024012,9.383060196
1.050525263,9.350531554
1.053026513,9.318455782
1.055527764,9.28683579
1.058029015,9.255674363
1.060530265,9.224974151
1.063031516,9.194737681
1.065532766,9.164967349
1.068034017,9.135665425
1.070535268,9.106834052
1.073036518,9.078475248
1.075537769,9.050590905
1.07803902,9.023182791
1.08054027,8.996252552
1.083041521,8.96980171
1.085542771,8.943831664
1.088044022,8.918343696
1.090545273,8.893338963
1.093046523,8.868818505
1.095547774,8.844783246
1.098049025,8.821233987
1.100550275,8.798171418
1.103051526,8.775596109
1.105552776,8.753508519
1.108054027,8.731908992
1.110555278,8.710797757
1.113056528,8.690174935
1.115557779,8.670040535
1.11805903,8.650394456
1.12056028,8.631236488
1.123061531,8.612566315
1.125562781,8.594383514
1.128064032,8.576687557
1.130565283,8.559477811
1.133066533,8.542753541
1.135567784,8.526513909
1.138069035,8.510757978
1.140570285,8.49548471
1.143071536,8.480692968
1.145572786,8.466381521
1.148074037,8.452549038
1.150575288,8.439194095
1.153076538,8.426315176
1.155577789,8.413910669
1.15807904,8.401978875
1.16058029,8.390518001
1.163081541,8.379526169
1.165582791,8.369001411
1.168084042,8.358941675
1.170585293,8.349344821
1.173086543,8.34020863
1.175587794,8.331530796
1.178089045,8.323308936
1.180590295,8.315540584
1.183091546,8.308223198
1.185592796,8.301354158
1.188094047,8.294930768
1.190595298,8.288950259
1.193096548,8.283409787
1.195597799,8.278306437
1.19809905,8.273637223
1.2006003,8.269399092
1.203101551,8.265588921
1.205602801,8.262203521
1.208104052,8.259239638
1.210605303,8.256693955
1.213106553,8.254563092
1.215607804,8.252843608
1.218109055,8.251532001
1.220610305,8.250624714
1.223111556,8.250118129
1.225612806,8.250008576
1.228114057,8.250292328
1.230615308,8.250965606
1.233116558,8.252024579
1.235617809,8.253465366
1.23811906,8.255284039
1.24062031,8.257476618
1.243121561,8.260039081
1.245622811,8.262967359
1.248124062,8.26625734
1.250625313,8.269904869
1.253126563,8.273905752
1.255627814,8.278255753
1.258129065,8.282950599
1.260630315,8.287985981
1.263131566,8.293357552
1.265632816,8.299060933
1.268134067,8.305091711
1.270635318,8.311445441
1.273136568,8.318117648
1.275637819,8.325103828
1.27813907,8.332399449
1.28064032,8.339999953
1.283141571,8.347900755
1.285642821,8.356097248
1.288144072,8.3645848
1.290645323,8.373358762
1.293146573,8.382414458
1.295647824,8.3917472
1.298149075,8.401352276
1.300650325,8.411224962
1.303151576,8.421360517
1.305652826,8.431754185
1.308154077,8.442401198
1.310655328,8.453296776
1.313156578,8.46443613
1.315657829,8.475814459
1.31815908,8.487426955
1.32066033,8.499268803
1.323161581,8.511335181
1.325662831,8.523621266
1.328164082,8.536122225
1.330665333,8.548833229
1.333166583,8.561749443
1.335667834,8.574866033
1.338169085,8.588178166
1.340670335,8.601681012
1.343171586,8.615369742
1.345672836,8.629239531
1.348174087,8.64328556
1.350675338,8.657503015
1.353176588,8.671887091
1.355677839,8.686432989
1.35817909,8.70113592
1.36068034,8.715991105
1.363181591,8.730993775
1.365682841,8.746139175
1.368184092,8.76142256
1.370685343,8.776839202
1.373186593,8.792384387
1.375687844,8.808053414
1.378189095,8.823841603
1.380690345,8.839744288
1.383191596,8.855756824
1.385692846,8.871874582
1.388194097,8.888092957
1.390695348,8.904407362
1.393196598,8.920813233
1.395697849,8.937306029
1.3981991,8.953881231
1.40070035,8.970534347
1.403201601,8.987260905
1.405702851,9.004056465
1.408204102,9.020916608
1.410705353,9.037836947
1.413206603,9.054813118
1.415707854,9.071840789
1.418209105,9.088915658
1.420710355,9.106033451
1.423211606,9.123189924
1.425712856,9.140380868
1.428214107,9.157602103
1.430715358,9.174849483
1.433216608,9.192118894
1.435717859,9.209406257
1.43821911,9.226707529
1.44072036,9.244018698
1.443221611,9.261335792
1.445722861,9.278654873
1.448224112,9.295972039
1.450725363,9.313283428
1.453226613,9.330585212
1.455727864,9.347873605
1.458229115,9.365144858
1.460730365,9.382395262
1.463231616,9.399621146
1.465732866,9.41681888
1.468234117,9.433984877
1.470735368,9.451115587
1.473236618,9.468207505
1.475737869,9.485257165
1.47823912,9.502261144
1.48074037,9.519216064
1.483241621,9.536118586
1.485742871,9.552965417
1.488244122,9.569753307
1.490745373,9.586479049
1.493246623,9.603139481
1.495747874,9.619731487
1.498249125,9.636251992
1.500750375,9.652697969
1.503251626,9.669066437
1.505752876,9.685354457
1.508254127,9.701559139
1.510755378,9.717677638
1.513256628,9.733707155
1.515757879,9.749644937
1.51825913,9.765488278
1.52076038,9.78123452
1.523261631,9.796881049
1.525762881,9.812425301
1.528264132,9.827864758
1.530765383,9.843196948
1.533266633,9.858419448
1.535767884,9.873529882
1.538269135,9.888525921
1.540770385,9.903405285
1.543271636,9.918165742
1.545772886,9.932805104
1.548274137,9.947321235
1.550775388,9.961712045
1.553276638,9.975975493
1.555777889,9.990109583
1.55827914,10.00411237
1.56078039,10.01798196
1.563281641,10.03171649
1.565782891,10.04531417
1.568284142,10.05877324
1.570785393,10.07209199
1.573286643,10.08526876
1.575787894,10.09830194
1.578289145,10.11118997
1.580790395,10.12393132
1.583291646,10.13652453
1.585792896,10.14896818
1.588294147,10.16126088
1.590795398,10.17340131
1.593296648,10.18538818
1.595797899,10.19722026
1.59829915,10.20889636
1.6008004,10.22041533
1.603301651,10.23177609
1.605802901,10.24297756
1.608304152,10.25401875
1.610805403,10.26489871
1.613306653,10.2756165
1.615807904,10.28617126
1.618309155,10.29656218
1.620810405,10.30678845
1.623311656,10.31684935
1.625812906,10.32674419
1.628314157,10.33647231
1.630815408,10.34603311
1.633316658,10.35542603
1.635817909,10.36465055
1.63831916,10.37370619
1.64082041,10.38259251
1.643321661,10.39130912
1.645822911,10.39985568
1.648324162,10.40823188
1.650825413,10.41643743
1.653326663,10.42447213
1.655827914,10.43233578
1.658329165,10.44002823
1.660830415,10.44754938
1.663331666,10.45489916
1.665832916,10.46207754
1.668334167,10.46908453
1.670835418,10.47592018
1.673336668,10.48258457
1.675837919,10.48907784
1.67833917,10.49540013
1.68084042,10.50155166
1.683341671,10.50753264
1.685842921,10.51334336
1.688344172,10.51898412
1.690845423,10.52445526
1.693346673,10.52975716
1.695847924,10.53489022
1.698349175,10.5398549
1.700850425,10.54465166
1.703351676,10.54928102
1.705852926,10.55374353
1.708354177,10.55803976
1.710855428,10.56217031
1.713356678,10.56613583
1.715857929,10.56993699
1.71835918,10.57357448
1.72086043,10.57704904
1.723361681,10.58036143
1.725862931,10.58351244
1.728364182,10.58650289
1.730865433,10.58933361
1.733366683,10.59200549
1.735867934,10.59451944
1.738369185,10.59687636
1.740870435,10.59907723
1.743371686,10.60112303
1.745872936,10.60301475
1.748374187,10.60475343
1.750875438,10.60634013
1.753376688,10.60777592
1.755877939,10.60906192
1.75837919,10.61019924
1.76088044,10.61118904
1.763381691,10.61203249
1.765882941,10.61273078
1.768384192,10.61328512
1.770885443,10.61369676
1.773386693,10.61396694
1.775887944,10.61409695
1.778389195,10.61408808
1.780890445,10.61394164
1.783391696,10.61365897
1.785892946,10.61324141
1.788394197,10.61269033
1.790895448,10.61200712
1.793396698,10.61119318
1.795897949,10.61024993
1.7983992,10.6091788
1.80090045,10.60798123
1.803401701,10.6066587
1.805902951,10.60521267
1.808404202,10.60364465
1.810905453,10.60195612
1.813406703,10.60014861
1.815907954,10.59822366
1.818409205,10.59618279
1.820910455,10.59402756
1.823411706,10.59175954
1.825912956,10.5893803
1.828414207,10.58689142
1.830915458,10.5842945
1.833416708,10.58159113
1.835917959,10.57878294
1.83841921,10.57587154
1.84092046,10.57285856
1.843421711,10.56974563
1.845922961,10.56653439
1.848424212,10.5632265
1.850925463,10.55982361
1.853426713,10.55632737
1.855927964,10.55273946
1.858429215,10.54906155
1.860930465,10.5452953
1.863431716,10.5414424
1.865932966,10.53750453
1.868434217,10.53348338
1.870935468,10.52938063
1.873436718,10.52519797
1.875937969,10.5209371
1.87843922,10.51659971
1.88094047,10.51218749
1.883441721,10.50770215
1.885942971,10.50314537
1.888444222,10.49851886
1.890945473,10.49382431
1.893446723,10.48906341
1.895947974,10.48423785
1.898449225,10.47934934
1.900950475,10.47439957
1.903451726,10.46939021
1.905952976,10.46432295
1.908454227,10.45919949
1.910955478,10.45402149
1.913456728,10.44879064
1.915957979,10.4435086
1.91845923,10.43817704
1.92096048,10.43279763
1.923461731,10.42737202
1.925962981,10.42190187
1.928464232,10.41638883
1.930965483,10.41083452
1.933466733,10.4052406
1.935967984,10.39960868
1.938469235,10.39394039
1.940970485,10.38823734
1.943471736,10.38250115
1.945972986,10.3767334
1.948474237,10.37093569
1.950975488,10.3651096
1.953476738,10.35925671
1.955977989,10.35337858
1.95847924,10.34747676
1.96098049,10.34155281
1.963481741,10.33560826
1.965982991,10.32964464
1.968484242,10.32366347
1.970985493,10.31766624
1.973486743,10.31165446
1.975987994,10.30562962
1.978489245,10.29959318
1.980990495,10.29354661
1.983491746,10.28749135
1.985992996,10.28142886
1.988494247,10.27536056
1.990995498,10.26928785
1.993496748,10.26321215
1.995997999,10.25713485
1.99849925,10.25105732
2.0010005,10.24498092
2.003501751,10.23890701
2.006003002,10.23283693
2.008504252,10.226772
2.011005503,10.22071353
2.013506753,10.21466282
2.016008004,10.20862115
2.018509255,10.20258979
2.021010505,10.19656999
2.023511756,10.190563
2.026013007,10.18457004
2.028514257,10.17859232
2.031015508,10.17263104
2.033516758,10.16668738
2.036018009,10.1607625
2.03851926,10.15485755
2.04102051,10.14897368
2.043521761,10.14311199
2.046023012,10.1372736
2.048524262,10.13145959
2.051025513,10.12567104
2.053526763,10.119909
2.056028014,10.11417451
2.058529265,10.1084686
2.061030515,10.10279228
2.063531766,10.09714654
2.066033017,10.09153236
2.068534267,10.0859507
2.071035518,10.0804025
2.073536768,10.07488869
2.076038019,10.06941017
2.07853927,10.06396786
2.08104052,10.05856261
2.083541771,10.05319531
2.086043022,10.04786678
2.088544272,10.04257785
2.091045523,10.03732935
2.093546773,10.03212206
2.096048024,10.02695676
2.098549275,10.02183421
2.101050525,10.01675516
2.103551776,10.01172034
2.106053027,10.00673045
2.108554277,10.00178619
2.111055528,9.996888231
2.113556778,9.992037243
2.116058029,9.987233866
2.11855928,9.982478727
2.12106053,9.977772435
2.123561781,9.973115584
2.126063032,9.968508751
2.128564282,9.963952497
2.131065533,9.959447364
2.133566783,9.95499388
2.136068034,9.950592555
2.138569285,9.946243882
2.141070535,9.94194834
2.143571786,9.937706389
2.146073037,9.933518474
2.148574287,9.929385023
2.151075538,9.925306448
2.153576788,9.921283145
2.156078039,9.917315494
2.15857929,9.913403858
2.16108054,9.909548585
2.163581791,9.905750007
2.166083042,9.902008439
2.168584292,9.898324182
2.171085543,9.89469752
2.173586793,9.891128722
2.176088044,9.887618042
2.178589295,9.884165716
2.181090545,9.880771969
2.183591796,9.877437007
2.186093047,9.874161022
2.188594297,9.870944192
2.191095548,9.867786679
2.193596798,9.864688631
2.196098049,9.861650179
2.1985993,9.858671443
2.20110055,9.855752525
2.203601801,9.852893515
2.206103052,9.850094488
2.208604302,9.847355505
2.211105553,9.844676612
2.213606803,9.842057842
2.216108054,9.839499214
2.218609305,9.837000735
2.221110555,9.834562394
2.223611806,9.832184172
2.226113057,9.829866033
2.228614307,9.827607929
2.231115558,9.825409799
2.233616808,9.823271569
2.236118059,9.821193154
2.23861931,9.819174452
2.24112056,9.817215354
2.243621811,9.815315736
2.246123062,9.81347546
2.248624312,9.811694379
2.251125563,9.809972333
2.253626813,9.808309151
2.256128064,9.806704649
2.258629315,9.805158632
2.261130565,9.803670894
2.263631816,9.802241219
2.266133067,9.800869379
2.268634317,9.799555134
2.271135568,9.798298235
2.273636818,9.797098422
2.276138069,9.795955424
2.27863932,9.794868962
2.28114057,9.793838745
2.283641821,9.792864472
2.286143072,9.791945833
2.288644322,9.791082509
2.291145573,9.790274171
2.293646823,9.789520479
2.296148074,9.788821088
2.298649325,9.78817564
2.301150575,9.787583772
2.303651826,9.787045109
2.306153077,9.786559269
2.308654327,9.786125863
2.311155578,9.785744492
2.313656828,9.785414751
2.316158079,9.785136224
2.31865933,9.784908492
2.32116058,9.784731125
2.323661831,9.784603688
2.326163082,9.784525736
2.328664332,9.784496821
2.331165583,9.784516485
2.333666833,9.784584265
2.336168084,9.784699691
2.338669335,9.784862288
2.341170585,9.785071573
2.343671836,9.785327058
2.346173087,9.78562825
2.348674337,9.785974649
2.351175588,9.786365751
2.353676838,9.786801046
2.356178089,9.787280018
2.35867934,9.787802148
2.36118059,9.788366911
2.363681841,9.788973777
2.366183092,9.789622213
2.368684342,9.790311681
2.371185593,9.791041639
2.373686843,9.79181154
2.376188094,9.792620834
2.378689345,9.793468969
2.381190595,9.794355386
2.383691846,9.795279527
2.386193097,9.796240826
2.388694347,9.797238718
2.391195598,9.798272634
2.393696848,9.799342
2.396198099,9.800446244
2.39869935,9.801584786
2.4012006,9.80275705
2.403701851,9.803962452
2.406203102,9.80520041
2.408704352,9.806470339
2.411205603,9.807771652
2.413706853,9.809103762
2.416208104,9.810466077
2.418709355,9.811858008
2.421210605,9.813278963
2.423711856,9.81472835
2.426213107,9.816205574
2.428714357,9.817710042
2.431215608,9.819241159
2.433716858,9.82079833
2.436218109,9.82238096
2.43871936,9.823988454
2.44122061,9.825620216
2.443721861,9.827275651
2.446223112,9.828954166
2.448724362,9.830655164
2.451225613,9.832378054
2.453726863,9.834122241
2.456228114,9.835887134
2.458729365,9.837672142
2.461230615,9.839476674
2.463731866,9.841300141
2.466233117,9.843141956
2.468734367,9.845001532
2.471235618,9.846878285
2.473736868,9.848771633
2.476238119,9.850680993
2.47873937,9.852605786
2.48124062,9.854545436
2.483741871,9.856499368
2.486243122,9.858467007
2.488744372,9.860447784
2.491245623,9.862441131
2.493746873,9.864446482
2.496248124,9.866463274
2.498749375,9.868490947
2.501250625,9.870528944
2.503751876,9.87257671
2.506253127,9.874633695
2.508754377,9.876699349
2.511255628,9.878773128
2.513756878,9.88085449
2.516258129,9.882942898
2.51875938,9.885037816
2.52126063,9.887138713
2.523761881,9.889245063
2.526263132,9.89135634
2.528764382,9.893472027
2.531265633,9.895591605
2.533766883,9.897714565
2.536268134,9.899840398
2.538769385,9.901968599
2.541270635,9.904098671
2.543771886,9.906230117
2.546273137,9.908362448
2.548774387,9.910495176
2.551275638,9.912627819
2.553776888,9.914759902
2.556278139,9.91689095
2.55877939,9.919020496
2.56128064,9.921148077
2.563781891,9.923273235
2.566283142,9.925395515
2.568784392,9.927514471
2.571285643,9.929629657
2.573786893,9.931740635
2.576288144,9.933846973
2.578789395,9.935948241
2.581290645,9.938044017
2.583791896,9.940133882
2.586293147,9.942217425
2.588794397,9.944294237
2.591295648,9.946363917
2.593796898,9.948426068
2.596298149,9.950480299
2.5987994,9.952526225
2.60130065,9.954563465
2.603801901,9.956591645
2.606303152,9.958610395
2.608804402,9.960619353
2.611305653,9.96261816
2.613806903,9.964606464
2.616308154,9.96658392
2.618809405,9.968550185
2.621310655,9.970504925
2.623811906,9.972447811
2.626313157,9.974378519
2.628814407,9.976296731
2.631315658,9.978202136
2.633816908,9.980094427
2.636318159,9.981973304
2.63881941,9.983838473
2.64132066,9.985689645
2.643821911,9.987526538
2.646323162,9.989348873
2.648824412,9.991156382
2.651325663,9.992948797
2.653826913,9.994725861
2.656328164,9.99648732
2.658829415,9.998232926
2.661330665,9.999962438
2.663831916,10.00167562
2.666333167,10.00337224
2.668834417,10.00505208
2.671335668,10.00671492
2.673836918,10.00836055
2.676338169,10.00998875
2.67883942,10.01159934
2.68134067,10.01319211
2.683841921,10.01476687
2.686343172,10.01632345
2.688844422,10.01786167
2.691345673,10.01938135
2.693846923,10.02088233
2.696348174,10.02236445
2.698849425,10.02382756
2.701350675,10.02527151
2.703851926,10.02669615
2.706353177,10.02810134
2.708854427,10.02948697
2.711355678,10.03085289
2.713856928,10.032199
2.716358179,10.03352517
2.71885943,10.0348313
2.72136068,10.03611728
2.723861931,10.03738302
2.726363182,10.03862842
2.728864432,10.0398534
2.731365683,10.04105787
2.733866933,10.04224176
2.736368184,10.043405
2.738869435,10.04454752
2.741370685,10.04566926
2.743871936,10.04677017
2.746373187,10.04785019
2.748874437,10.04890929
2.751375688,10.04994742
2.753876938,10.05096454
2.756378189,10.05196063
2.75887944,10.05293567
2.76138069,10.05388963
2.763881941,10.05482249
2.766383192,10.05573426
2.768884442,10.05662492
2.771385693,10.05749447
2.773886943,10.05834292
2.776388194,10.05917028
2.778889445,10.05997656
2.781390695,10.06076178
2.783891946,10.06152596
2.786393197,10.06226913
2.788894447,10.06299132
2.791395698,10.06369257
2.793896948,10.06437292
2.796398199,10.06503241
2.79889945,10.06567109
2.8014007,10.06628902
2.803901951,10.06688626
2.806403202,10.06746286
2.808904452,10.06801888
2.811405703,10.06855441
2.813906953,10.06906952
2.816408204,10.06956428
2.818909455,10.07003876
2.821410705,10.07049307
2.823911956,10.07092729
2.826413207,10.0713415
2.828914457,10.07173581
2.831415708,10.07211031
2.833916958,10.07246511
2.836418209,10.07280032
2.83891946,10.07311604
2.84142071,10.07341239
2.843921961,10.07368949
2.846423212,10.07394745
2.848924462,10.07418639
2.851425713,10.07440645
2.853926963,10.07460776
2.856428214,10.07479043
2.858929465,10.07495462
2.861430715,10.07510046
2.863931966,10.07522808
2.866433217,10.07533763
2.868934467,10.07542926
2.871435718,10.07550312
2.873936968,10.07555936
2.876438219,10.07559813
2.87893947,10.07561958
2.88144072,10.07562389
2.883941971,10.0756112
2.886443222,10.07558168
2.888944472,10.0755355
2.891445723,10.07547282
2.893946973,10.07539382
2.896448224,10.07529866
2.898949475,10.07518753
2.901450725,10.07506059
2.903951976,10.07491802
2.906453227,10.07476001
2.908954477,10.07458673
2.911455728,10.07439837
2.913956978,10.07419511
2.916458229,10.07397715
2.91895948,10.07374466
2.92146073,10.07349783
2.923961981,10.07323686
2.926463232,10.07296194
2.928964482,10.07267326
2.931465733,10.07237102
2.933966983,10.07205542
2.936468234,10.07172664
2.938969485,10.07138489
2.941470735,10.07103037
2.943971986,10.07066327
2.946473237,10.0702838
2.948974487,10.06989217
2.951475738,10.06948856
2.953976988,10.06907319
2.956478239,10.06864627
2.95897949,10.06820798
2.96148074,10.06775855
2.963981991,10.06729818
2.966483242,10.06682707
2.968984492,10.06634543
2.971485743,10.06585347
2.973986993,10.0653514
2.976488244,10.06483942
2.978989495,10.06431774
2.981490745,10.06378657
2.983991996,10.06324613
2.986493247,10.06269661
2.988994497,10.06213823
2.991495748,10.06157119
2.993996998,10.06099571
2.996498249,10.06041199
2.9989995,10.05982025
3.00150075,10.05922069
3.004002001,10.05861351
3.006503252,10.05799894
3.009004502,10.05737716
3.011505753,10.05674841
3.014007004,10.05611287
3.016508254,10.05547075
3.019009505,10.05482227
3.021510755,10.05416762
3.024012006,10.05350702
3.026513257,10.05284066
3.029014507,10.05216876
3.031515758,10.0514915
3.034017009,10.05080911
3.036518259,10.05012177
3.03901951,10.04942969
3.04152076,10.04873306
3.044022011,10.0480321
3.046523262,10.04732698
3.049024512,10.04661792
3.051525763,10.04590511
3.054027014,10.04518875
3.056528264,10.04446902
3.059029515,10.04374612
3.061530765,10.04302025
3.064032016,10.04229158
3.066533267,10.04156033
3.069034517,10.04082666
3.071535768,10.04009078
3.074037019,10.03935285
3.076538269,10.03861308
3.07903952,10.03787164
3.08154077,10.03712872
3.084042021,10.03638449
3.086543272,10.03563914
3.089044522,10.03489284
3.091545773,10.03414577
3.094047024,10.0333981
3.096548274,10.03265001
3.099049525,10.03190166
3.101550775,10.03115324
3.104052026,10.0304049
3.106553277,10.02965682
3.109054527,10.02890915
3.111555778,10.02816207
3.114057029,10.02741573
3.116558279,10.0266703
3.11905953,10.02592593
3.12156078,10.02518278
3.124062031,10.02444101
3.126563282,10.02370076
3.129064532,10.0229622
3.131565783,10.02222546
3.134067034,10.02149071
3.136568284,10.02075807
3.139069535,10.02002771
3.141570785,10.01929975
3.144072036,10.01857435
3.146573287,10.01785163
3.149074537,10.01713174
3.151575788,10.01641481
3.154077039,10.01570098
3.156578289,10.01499037
3.15907954,10.01428311
3.16158079,10.01357933
3.164082041,10.01287915
3.166583292,10.0121827
3.169084542,10.0114901
3.171585793,10.01080147
3.174087044,10.01011692
3.176588294,10.00943657
3.179089545,10.00876054
3.181590795,10.00808892
3.184092046,10.00742184
3.186593297,10.00675939
3.189094547,10.00610169
3.191595798,10.00544883
3.194097049,10.00480092
3.196598299,10.00415805
3.19909955,10.00352033
3.2016008,10.00288784
3.204102051,10.00226067
3.206603302,10.00163893
3.209104552,10.00102269
3.211605803,10.00041204
3.214107054,9.999807072
3.216608304,9.99920786
3.219109555,9.998614485
3.221610805,9.998027026
3.224112056,9.99744556
3.226613307,9.996870159
3.229114557,9.996300894
3.231615808,9.995737837
3.234117059,9.995181055
3.236618309,9.994630612
3.23911956,9.994086572
3.24162081,9.993548998
3.244122061,9.993017947
3.246623312,9.992493479
3.249124562,9.991975648
3.251625813,9.991464507
3.254127064,9.990960108
3.256628314,9.9904625
3.259129565,9.989971731
3.261630815,9.989487846
3.264132066,9.989010888
3.266633317,9.988540899
3.269134567,9.988077919
3.271635818,9.987621985
3.274137069,9.987173132
3.276638319,9.986731395
3.27913957,9.986296805
3.28164082,9.985869392
3.284142071,9.985449184
3.286643322,9.985036207
3.289144572,9.984630486
3.291645823,9.984232043
3.294147074,9.983840898
3.296648324,9.98345707
3.299149575,9.983080576
3.301650825,9.982711432
3.304152076,9.98234965
3.306653327,9.981995242
3.309154577,9.981648218
3.311655828,9.981308586
3.314157079,9.980976352
3.316658329,9.980651521
3.31915958,9.980334095
3.32166083,9.980024077
3.324162081,9.979721464
3.326663332,9.979426256
3.329164582,9.979138448
3.331665833,9.978858036
3.334167084,9.978585011
3.336668334,9.978319366
3.339169585,9.97806109
3.341670835,9.977810172
3.344172086,9.977566598
3.346673337,9.977330354
3.349174587,9.977101423
3.351675838,9.976879787
3.354177089,9.976665427
3.356678339,9.976458324
3.35917959,9.976258453
3.36168084,9.976065793
3.364182091,9.975880317
3.366683342,9.975702
3.369184592,9.975530814
3.371685843,9.975366731
3.374187094,9.975209719
3.376688344,9.975059747
3.379189595,9.974916782
3.381690845,9.97478079
3.384192096,9.974651736
3.386693347,9.974529584
3.389194597,9.974414294
3.391695848,9.974305829
3.394197099,9.974204147
3.396698349,9.974109209
3.3991996,9.974020971
3.40170085,9.97393939
3.404202101,9.973864421
3.406703352,9.973796019
3.409204602,9.973734137
3.411705853,9.973678727
3.414207104,9.973629741
3.416708354,9.973587128
3.419209605,9.973550839
3.421710855,9.973520821
3.424212106,9.973497022
3.426713357,9.973479388
3.429214607,9.973467866
3.431715858,9.9734624
3.434217109,9.973462935
3.436718359,9.973469413
3.43921961,9.973481776
3.44172086,9.973499967
3.444222111,9.973523926
3.446723362,9.973553594
3.449224612,9.973588909
3.451725863,9.973629811
3.454227114,9.973676238
3.456728364,9.973728127
3.459229615,9.973785414
3.461730865,9.973848037
3.464232116,9.97391593
3.466733367,9.973989028
3.469234617,9.974067267
3.471735868,9.974150579
3.474237119,9.974238899
3.476738369,9.974332158
3.47923962,9.974430291
3.48174087,9.974533228
3.484242121,9.974640901
3.486743372,9.974753241
3.489244622,9.974870179
3.491745873,9.974991646
3.494247124,9.975117571
3.496748374,9.975247883
3.499249625,9.975382514
3.501750875,9.97552139
3.504252126,9.975664442
3.506753377,9.975811597
3.509254627,9.975962784
3.511755878,9.97611793
3.514257129,9.976276965
3.516758379,9.976439815
3.51925963,9.976606407
3.52176088,9.97677667
3.524262131,9.97695053
3.526763382,9.977127914
3.529264632,9.977308749
3.531765883,9.977492963
3.534267134,9.977680481
3.536768384,9.977871231
3.539269635,9.978065139
3.541770885,9.978262132
3.544272136,9.978462137
3.546773387,9.978665081
3.549274637,9.978870889
3.551775888,9.97907949
3.554277139,9.979290809
3.556778389,9.979504775
3.55927964,9.979721313
3.56178089,9.979940351
3.564282141,9.980161816
3.566783392,9.980385636
3.569284642,9.980611739
3.571785893,9.980840052
3.574287144,9.981070502
3.576788394,9.981303019
3.579289645,9.98153753
3.581790895,9.981773964
3.584292146,9.982012251
3.586793397,9.982252318
3.589294647,9.982494096
3.591795898,9.982737514
3.594297149,9.982982501
3.596798399,9.983228989
3.59929965,9.983476908
3.6018009,9.983726189
3.604302151,9.983976762
3.606803402,9.984228561
3.609304652,9.984481515
3.611805903,9.984735559
3.614307154,9.984990625
3.616808404,9.985246645
3.619309655,9.985503554
3.621810905,9.985761285
3.624312156,9.986019774
3.626813407,9.986278954
3.629314657,9.986538762
3.631815908,9.986799132
3.634317159,9.987060002
3.636818409,9.987321309
3.63931966,9.987582988
3.64182091,9.98784498
3.644322161,9.98810722
3.646823412,9.98836965
3.649324662,9.988632207
3.651825913,9.988894832
3.654327164,9.989157466
3.656828414,9.989420048
3.659329665,9.989682522
3.661830915,9.989944829
3.664332166,9.990206912
3.666833417,9.990468715
3.669334667,9.990730181
3.671835918,9.990991254
3.674337169,9.991251881
3.676838419,9.991512007
3.67933967,9.991771578
3.68184092,9.992030541
3.684342171,9.992288844
3.686843422,9.992546436
3.689344672,9.992803265
3.691845923,9.993059281
3.694347174,9.993314435
3.696848424,9.993568676
3.699349675,9.993821958
3.701850925,9.994074232
3.704352176,9.994325451
3.706853427,9.994575568
3.709354677,9.994824539
3.711855928,9.995072318
3.714357179,9.995318861
3.716858429,9.995564124
3.71935968,9.995808065
3.72186093,9.99605064
3.724362181,9.99629181
3.726863432,9.996531532
3.729364682,9.996769768
3.731865933,9.997006477
3.734367184,9.99724162
3.736868434,9.997475161
3.739369685,9.997707062
3.741870935,9.997937286
3.744372186,9.998165797
3.746873437,9.998392561
3.749374687,9.998617543
3.751875938,9.998840709
3.754377189,9.999062027
3.756878439,9.999281465
3.75937969,9.999498991
3.76188094,9.999714574
3.764382191,9.999928185
3.766883442,10.00013979
3.769384692,10.00034937
3.771885943,10.00055689
3.774387194,10.00076233
3.776888444,10.00096565
3.779389695,10.00116684
3.781890945,10.00136586
3.784392196,10.0015627
3.786893447,10.00175733
3.789394697,10.00194972
3.791895948,10.00213987
3.794397199,10.00232773
3.796898449,10.0025133
3.7993997,10.00269655
3.80190095,10.00287747
3.804402201,10.00305603
3.806903452,10.00323222
3.809404702,10.00340603
3.811905953,10.00357742
3.814407204,10.0037464
3.816908454,10.00391294
3.819409705,10.00407703
3.821910955,10.00423865
3.824412206,10.0043978
3.826913457,10.00455446
3.829414707,10.00470862
3.831915958,10.00486027
3.834417209,10.00500939
3.836918459,10.00515598
3.83941971,10.00530004
3.84192096,10.00544154
3.844422211,10.00558049
3.846923462,10.00571687
3.849424712,10.00585068
3.851925963,10.00598192
3.854427214,10.00611058
3.856928464,10.00623665
3.859429715,10.00636014
3.861930965,10.00648103
3.864432216,10.00659932
3.866933467,10.00671502
3.869434717,10.00682813
3.871935968,10.00693863
3.874437219,10.00704653
3.876938469,10.00715184
3.87943972,10.00725454
3.88194097,10.00735465
3.884442221,10.00745217
3.886943472,10.00754709
3.889444722,10.00763943
3.891945973,10.00772918
3.894447224,10.00781635
3.896948474,10.00790095
3.899449725,10.00798297
3.901950975,10.00806243
3.904452226,10.00813934
3.906953477,10.00821369
3.909454727,10.0082855
3.911955978,10.00835477
3.914457229,10.00842151
3.916958479,10.00848574
3.91945973,10.00854746
3.92196098,10.00860668
3.924462231,10.00866341
3.926963482,10.00871766
3.929464732,10.00876945
3.931965983,10.00881878
3.934467234,10.00886567
3.936968484,10.00891013
3.939469735,10.00895217
3.941970985,10.00899181
3.944472236,10.00902906
3.946973487,10.00906393
3.949474737,10.00909644
3.951975988,10.0091266
3.954477239,10.00915444
3.956978489,10.00917995
3.95947974,10.00920317
3.96198099,10.00922411
3.964482241,10.00924278
3.966983492,10.00925921
3.969484742,10.0092734
3.971985993,10.00928538
3.974487244,10.00929517
3.976988494,10.00930278
3.979489745,10.00930823
3.981990995,10.00931154
3.984492246,10.00931274
3.986993497,10.00931184
3.989494747,10.00930886
3.991995998,10.00930382
3.994497249,10.00929674
3.996998499,10.00928765
3.99949975,10.00927655
4.002001001,10.00926349
4.004502251,10.00924847
4.007003502,10.00923152
4.009504752,10.00921266
4.012006003,10.00919192
4.014507254,10.00916931
4.017008504,10.00914485
4.019509755,10.00911858
4.022011006,10.00909052
4.024512256,10.00906068
4.027013507,10.00902909
4.029514757,10.00899578
4.032016008,10.00896076
4.034517259,10.00892407
4.037018509,10.00888572
4.03951976,10.00884574
4.042021011,10.00880416
4.044522261,10.008761
4.047023512,10.00871628
4.049524762,10.00867003
4.052026013,10.00862227
4.054527264,10.00857304
4.057028514,10.00852234
4.059529765,10.00847022
4.062031016,10.00841668
4.064532266,10.00836177
4.067033517,10.0083055
4.069534767,10.0082479
4.072036018,10.008189
4.074537269,10.00812882
4.077038519,10.00806738
4.07953977,10.00800472
4.082041021,10.00794085
4.084542271,10.00787581
4.087043522,10.00780961
4.089544772,10.00774229
4.092046023,10.00767387
4.094547274,10.00760438
4.097048524,10.00753384
4.099549775,10.00746228
4.102051026,10.00738972
4.104552276,10.00731618
4.107053527,10.00724171
4.109554777,10.00716631
4.112056028,10.00709002
4.114557279,10.00701286
4.117058529,10.00693486
4.11955978,10.00685604
4.122061031,10.00677643
4.124562281,10.00669605
4.127063532,10.00661493
4.129564782,10.00653309
4.132066033,10.00645057
4.134567284,10.00636737
4.137068534,10.00628354
4.139569785,10.00619908
4.142071036,10.00611404
4.144572286,10.00602843
4.147073537,10.00594227
4.149574787,10.0058556
4.152076038,10.00576844
4.154577289,10.0056808
4.157078539,10.00559272
4.15957979,10.00550422
4.162081041,10.00541532
4.164582291,10.00532604
4.167083542,10.00523642
4.169584792,10.00514647
4.172086043,10.00505621
4.174587294,10.00496568
4.177088544,10.00487488
4.179589795,10.00478385
4.182091046,10.00469261
4.184592296,10.00460118
4.187093547,10.00450958
4.189594797,10.00441783
4.192096048,10.00432597
4.194597299,10.004234
4.197098549,10.00414195
4.1995998,10.00404984
4.202101051,10.00395769
4.204602301,10.00386553
4.207103552,10.00377337
4.209604802,10.00368123
4.212106053,10.00358914
4.214607304,10.00349712
4.217108554,10.00340518
4.219609805,10.00331335
4.222111056,10.00322164
4.224612306,10.00313007
4.227113557,10.00303867
4.229614807,10.00294745
4.232116058,10.00285643
4.234617309,10.00276564
4.237118559,10.00267508
4.23961981,10.00258477
4.242121061,10.00249474
4.244622311,10.002405
4.247123562,10.00231557
4.249624812,10.00222646
4.252126063,10.0021377
4.254627314,10.0020493
4.257128564,10.00196127
4.259629815,10.00187364
4.262131066,10.00178641
4.264632316,10.0016996
4.267133567,10.00161324
4.269634817,10.00152733
4.272136068,10.00144189
4.274637319,10.00135693
4.277138569,10.00127247
4.27963982,10.00118852
4.282141071,10.0011051
4.284642321,10.00102222
4.287143572,10.0009399
4.289644822,10.00085814
4.292146073,10.00077696
4.294647324,10.00069637
4.297148574,10.00061639
4.299649825,10.00053703
4.302151076,10.0004583
4.304652326,10.0003802
4.307153577,10.00030276
4.309654827,10.00022598
4.312156078,10.00014988
4.314657329,10.00007447
4.317158579,9.999999744
4.31965983,9.999925728
4.322161081,9.999852429
4.324662331,9.999779855
4.327163582,9.999708016
4.329664832,9.999636921
4.332166083,9.999566579
4.334667334,9.999496998
4.337168584,9.999428188
4.339669835,9.999360156
4.342171086,9.99929291
4.344672336,9.999226458
4.347173587,9.999160807
4.349674837,9.999095964
4.352176088,9.999031936
4.354677339,9.998968731
4.357178589,9.998906353
4.35967984,9.99884481
4.362181091,9.998784107
4.364682341,9.998724251
4.367183592,9.998665245
4.369684842,9.998607096
4.372186093,9.998549809
4.374687344,9.998493388
4.377188594,9.998437838
4.379689845,9.998383163
4.382191096,9.998329366
4.384692346,9.998276452
4.387193597,9.998224425
4.389694847,9.998173287
4.392196098,9.998123041
4.394697349,9.998073691
4.397198599,9.998025239
4.39969985,9.997977687
4.402201101,9.997931038
4.404702351,9.997885293
4.407203602,9.997840455
4.409704852,9.997796524
4.412206103,9.997753502
4.414707354,9.997711389
4.417208604,9.997670188
4.419709855,9.997629898
4.422211106,9.99759052
4.424712356,9.997552055
4.427213607,9.997514501
4.429714857,9.997477859
4.432216108,9.997442129
4.434717359,9.997407309
4.437218609,9.9973734
4.43971986,9.9973404
4.442221111,9.997308307
4.444722361,9.997277121
4.447223612,9.99724684
4.449724862,9.997217463
4.452226113,9.997188986
4.454727364,9.997161409
4.457228614,9.997134728
4.459729865,9.997108942
4.462231116,9.997084048
4.464732366,9.997060042
4.467233617,9.997036922
4.469734867,9.997014684
4.472236118,9.996993326
4.474737369,9.996972844
4.477238619,9.996953233
4.47973987,9.996934491
4.482241121,9.996916613
4.484742371,9.996899595
4.487243622,9.996883433
4.489744872,9.996868122
4.492246123,9.996853658
4.494747374,9.996840035
4.497248624,9.99682725
4.499749875,9.996815297
4.502251126,9.99680417
4.504752376,9.996793865
4.507253627,9.996784376
4.509754877,9.996775697
4.512256128,9.996767823
4.514757379,9.996760748
4.517258629,9.996754466
4.51975988,9.996748971
4.522261131,9.996744256
4.524762381,9.996740316
4.527263632,9.996737143
4.529764882,9.996734732
4.532266133,9.996733076
4.534767384,9.996732168
4.537268634,9.996732
4.539769885,9.996732567
4.542271136,9.996733861
4.544772386,9.996735875
4.547273637,9.996738601
4.549774887,9.996742033
4.552276138,9.996746163
4.554777389,9.996750983
4.557278639,9.996756485
4.55977989,9.996762663
4.562281141,9.996769508
4.564782391,9.996777013
4.567283642,9.996785169
4.569784892,9.996793969
4.572286143,9.996803404
4.574787394,9.996813466
4.577288644,9.996824148
4.579789895,9.996835441
4.582291146,9.996847337
4.584792396,9.996859826
4.587293647,9.996872902
4.589794897,9.996886555
4.592296148,9.996900777
4.594797399,9.99691556
4.597298649,9.996930894
4.5997999,9.996946771
4.602301151,9.996963183
4.604802401,9.99698012
4.607303652,9.996997574
4.609804902,9.997015537
4.612306153,9.997033998
4.614807404,9.997052951
4.617308654,9.997072384
4.619809905,9.997092291
4.622311156,9.997112661
4.624812406,9.997133486
4.627313657,9.997154756
4.629814907,9.997176464
4.632316158,9.997198599
4.634817409,9.997221153
4.637318659,9.997244117
4.63981991,9.997267482
4.642321161,9.997291239
4.644822411,9.997315378
4.647323662,9.997339892
4.649824912,9.997364769
4.652326163,9.997390003
4.654827414,9.997415583
4.657328664,9.997441501
4.659829915,9.997467748
4.662331166,9.997494314
4.664832416,9.997521191
4.667333667,9.997548369
4.669834917,9.997575841
4.672336168,9.997603596
4.674837419,9.997631627
4.677338669,9.997659923
4.67983992,9.997688477
4.682341171,9.997717279
4.684842421,9.99774632
4.687343672,9.997775593
4.689844922,9.997805087
4.692346173,9.997834795
4.694847424,9.997864708
4.697348674,9.997894817
4.699849925,9.997925113
4.702351176,9.997955588
4.704852426,9.997986233
4.707353677,9.998017041
4.709854927,9.998048001
4.712356178,9.998079107
4.714857429,9.99811035
4.717358679,9.998141721
4.71985993,9.998173212
4.722361181,9.998204815
4.724862431,9.998236522
4.727363682,9.998268325
4.729864932,9.998300216
4.732366183,9.998332186
4.734867434,9.998364228
4.737368684,9.998396334
4.739869935,9.998428497
4.742371186,9.998460708
4.744872436,9.998492959
4.747373687,9.998525244
4.749874937,9.998557554
4.752376188,9.998589882
4.754877439,9.998622221
4.757378689,9.998654564
4.75987994,9.998686902
4.762381191,9.998719229
4.764882441,9.998751538
4.767383692,9.998783822
4.769884942,9.998816073
4.772386193,9.998848285
4.774887444,9.998880451
4.777388694,9.998912564
4.779889945,9.998944618
4.782391196,9.998976605
4.784892446,9.999008519
4.787393697,9.999040354
4.789894947,9.999072104
4.792396198,9.999103761
4.794897449,9.99913532
4.797398699,9.999166776
4.79989995,9.99919812
4.802401201,9.999229349
4.804902451,9.999260455
4.807403702,9.999291433
4.809904952,9.999322277
4.812406203,9.999352982
4.814907454,9.999383541
4.817408704,9.999413951
4.819909955,9.999444204
4.822411206,9.999474296
4.824912456,9.999504222
4.827413707,9.999533976
4.829914957,9.999563553
4.832416208,9.999592949
4.834917459,9.999622159
4.837418709,9.999651177
4.83991996,9.999679999
4.842421211,9.999708621
4.844922461,9.999737038
4.847423712,9.999765245
4.849924962,9.999793238
4.852426213,9.999821013
4.854927464,9.999848566
4.857428714,9.999875893
4.859929965,9.999902989
4.862431216,9.999929851
4.864932466,9.999956475
4.867433717,9.999982858
4.869934967,10.00000899
4.872436218,10.00003488
4.874937469,10.00006052
4.877438719,10.0000859
4.87993997,10.00011102
4.882441221,10.00013588
4.884942471,10.00016047
4.887443722,10.0001848
4.889944972,10.00020885
4.892446223,10.00023263
4.894947474,10.00025613
4.897448724,10.00027936
4.899949975,10.0003023
4.902451226,10.00032496
4.904952476,10.00034733
4.907453727,10.00036941
4.909954977,10.0003912
4.912456228,10.00041269
4.914957479,10.00043389
4.917458729,10.0004548
4.91995998,10.0004754
4.922461231,10.0004957
4.924962481,10.0005157
4.927463732,10.0005354
4.929964982,10.00055479
4.932466233,10.00057387
4.934967484,10.00059264
4.937468734,10.0006111
4.939969985,10.00062925
4.942471236,10.00064709
4.944972486,10.00066462
4.947473737,10.00068183
4.949974987,10.00069872
4.952476238,10.0007153
4.954977489,10.00073156
4.957478739,10.00074751
4.95997999,10.00076313
4.962481241,10.00077844
4.964982491,10.00079343
4.967483742,10.0008081
4.969984992,10.00082245
4.972486243,10.00083647
4.974987494,10.00085018
4.977488744,10.00086357
4.979989995,10.00087664
4.982491246,10.00088939
4.984992496,10.00090182
4.987493747,10.00091393
4.989994997,10.00092572
4.992496248,10.00093719
4.994997499,10.00094834
4.997498749,10.00095918
5,10.0009697
